<TICKER>,<PER>,<DATE>,<TIME>,<OPEN>,<HIGH>,<LOW>,<CLOSE>,<VOL>
RIZ2,1,20121008,100000,148840.00000,148840.00000,148180.00000,148340.00000,8957
RIZ2,1,20121008,100100,148340.00000,148500.00000,148300.00000,148430.00000,4586
RIZ2,1,20121008,100200,148440.00000,148550.00000,148410.00000,148510.00000,2830
RIZ2,1,20121008,100300,148510.00000,148520.00000,148400.00000,148420.00000,2087
RIZ2,1,20121008,100400,148420.00000,148430.00000,148350.00000,148350.00000,2229
RIZ2,1,20121008,100500,148350.00000,148360.00000,148290.00000,148350.00000,2223
RIZ2,1,20121008,100600,148350.00000,148420.00000,148340.00000,148380.00000,2102
RIZ2,1,20121008,100700,148380.00000,148380.00000,148260.00000,148330.00000,3029
RIZ2,1,20121008,100800,148330.00000,148350.00000,148280.00000,148330.00000,1180
RIZ2,1,20121008,100900,148320.00000,148430.00000,148290.00000,148420.00000,2188
RIZ2,1,20121008,101000,148420.00000,148580.00000,148410.00000,148550.00000,3911
RIZ2,1,20121008,101100,148550.00000,148590.00000,148480.00000,148580.00000,2535
RIZ2,1,20121008,101200,148570.00000,148570.00000,148500.00000,148520.00000,1268
RIZ2,1,20121008,101300,148530.00000,148660.00000,148520.00000,148610.00000,1812
RIZ2,1,20121008,101400,148610.00000,148670.00000,148570.00000,148660.00000,2080
RIZ2,1,20121008,101500,148650.00000,148690.00000,148530.00000,148560.00000,1718
RIZ2,1,20121008,101600,148550.00000,148720.00000,148540.00000,148570.00000,1972
RIZ2,1,20121008,101700,148570.00000,148580.00000,148460.00000,148530.00000,1867
RIZ2,1,20121008,101800,148520.00000,148550.00000,148510.00000,148540.00000,405
RIZ2,1,20121008,101900,148550.00000,148560.00000,148490.00000,148500.00000,597
RIZ2,1,20121008,102000,148510.00000,148530.00000,148450.00000,148490.00000,658
RIZ2,1,20121008,102100,148490.00000,148550.00000,148480.00000,148550.00000,577
RIZ2,1,20121008,102200,148550.00000,148560.00000,148460.00000,148530.00000,786
RIZ2,1,20121008,102300,148530.00000,148550.00000,148490.00000,148500.00000,400
RIZ2,1,20121008,102400,148520.00000,148540.00000,148490.00000,148500.00000,362
RIZ2,1,20121008,102500,148490.00000,148500.00000,148410.00000,148450.00000,1154
RIZ2,1,20121008,102600,148450.00000,148460.00000,148420.00000,148460.00000,505
RIZ2,1,20121008,102700,148450.00000,148560.00000,148450.00000,148530.00000,1413
RIZ2,1,20121008,102800,148540.00000,148540.00000,148480.00000,148520.00000,423
RIZ2,1,20121008,102900,148530.00000,148530.00000,148390.00000,148390.00000,1625
RIZ2,1,20121008,103000,148400.00000,148420.00000,148230.00000,148390.00000,3636
RIZ2,1,20121008,103100,148400.00000,148490.00000,148390.00000,148440.00000,1541
RIZ2,1,20121008,103200,148440.00000,148480.00000,148430.00000,148440.00000,654
RIZ2,1,20121008,103300,148460.00000,148480.00000,148400.00000,148430.00000,1626
RIZ2,1,20121008,103400,148440.00000,148570.00000,148430.00000,148560.00000,1892
RIZ2,1,20121008,103500,148550.00000,148560.00000,148490.00000,148510.00000,1021
RIZ2,1,20121008,103600,148500.00000,148610.00000,148500.00000,148600.00000,1180
RIZ2,1,20121008,103700,148580.00000,148600.00000,148520.00000,148550.00000,818
RIZ2,1,20121008,103800,148540.00000,148680.00000,148540.00000,148580.00000,1837
RIZ2,1,20121008,103900,148580.00000,148610.00000,148540.00000,148590.00000,939
RIZ2,1,20121008,104000,148590.00000,148600.00000,148530.00000,148560.00000,596
RIZ2,1,20121008,104100,148560.00000,148580.00000,148500.00000,148550.00000,718
RIZ2,1,20121008,104200,148550.00000,148590.00000,148520.00000,148580.00000,363
RIZ2,1,20121008,104300,148570.00000,148660.00000,148530.00000,148630.00000,765
RIZ2,1,20121008,104400,148630.00000,148630.00000,148540.00000,148590.00000,1055
RIZ2,1,20121008,104500,148590.00000,148630.00000,148500.00000,148540.00000,1392
RIZ2,1,20121008,104600,148540.00000,148630.00000,148510.00000,148600.00000,964
RIZ2,1,20121008,104700,148610.00000,148770.00000,148590.00000,148770.00000,2894
RIZ2,1,20121008,104800,148770.00000,148830.00000,148720.00000,148740.00000,2121
RIZ2,1,20121008,104900,148740.00000,148750.00000,148670.00000,148700.00000,1436
RIZ2,1,20121008,105000,148700.00000,148730.00000,148620.00000,148670.00000,1195
RIZ2,1,20121008,105100,148660.00000,148690.00000,148650.00000,148660.00000,364
RIZ2,1,20121008,105200,148680.00000,148690.00000,148650.00000,148650.00000,581
RIZ2,1,20121008,105300,148650.00000,148680.00000,148620.00000,148630.00000,874
RIZ2,1,20121008,105400,148640.00000,148680.00000,148610.00000,148650.00000,519
RIZ2,1,20121008,105500,148670.00000,148670.00000,148630.00000,148670.00000,270
RIZ2,1,20121008,105600,148660.00000,148690.00000,148640.00000,148680.00000,454
RIZ2,1,20121008,105700,148670.00000,148680.00000,148640.00000,148640.00000,357
RIZ2,1,20121008,105800,148640.00000,148660.00000,148520.00000,148520.00000,1836
RIZ2,1,20121008,105900,148540.00000,148550.00000,148460.00000,148540.00000,3774
RIZ2,1,20121008,110000,148530.00000,148550.00000,148410.00000,148510.00000,4894
RIZ2,1,20121008,110100,148510.00000,148510.00000,148410.00000,148430.00000,1325
RIZ2,1,20121008,110200,148430.00000,148480.00000,148340.00000,148440.00000,5080
RIZ2,1,20121008,110300,148420.00000,148480.00000,148370.00000,148420.00000,2140
RIZ2,1,20121008,110400,148430.00000,148440.00000,148330.00000,148410.00000,2431
RIZ2,1,20121008,110500,148420.00000,148510.00000,148400.00000,148440.00000,2048
RIZ2,1,20121008,110600,148440.00000,148530.00000,148390.00000,148400.00000,2193
RIZ2,1,20121008,110700,148420.00000,148450.00000,148360.00000,148410.00000,1774
RIZ2,1,20121008,110800,148420.00000,148470.00000,148350.00000,148390.00000,1771
RIZ2,1,20121008,110900,148390.00000,148440.00000,148220.00000,148290.00000,5179
RIZ2,1,20121008,111000,148280.00000,148290.00000,148020.00000,148130.00000,10055
RIZ2,1,20121008,111100,148140.00000,148250.00000,148110.00000,148220.00000,1806
RIZ2,1,20121008,111200,148220.00000,148310.00000,148200.00000,148300.00000,1281
RIZ2,1,20121008,111300,148300.00000,148300.00000,148190.00000,148230.00000,1706
RIZ2,1,20121008,111400,148230.00000,148230.00000,148140.00000,148140.00000,2744
RIZ2,1,20121008,111500,148150.00000,148270.00000,148110.00000,148220.00000,4496
RIZ2,1,20121008,111600,148210.00000,148210.00000,148040.00000,148080.00000,2247
RIZ2,1,20121008,111700,148070.00000,148090.00000,147890.00000,147940.00000,8577
RIZ2,1,20121008,111800,147930.00000,147980.00000,147880.00000,147900.00000,3762
RIZ2,1,20121008,111900,147880.00000,147980.00000,147860.00000,147930.00000,2869
RIZ2,1,20121008,112000,147930.00000,147980.00000,147830.00000,147940.00000,3800
RIZ2,1,20121008,112100,147940.00000,148020.00000,147920.00000,148020.00000,1642
RIZ2,1,20121008,112200,148020.00000,148070.00000,148000.00000,148040.00000,1710
RIZ2,1,20121008,112300,148040.00000,148060.00000,147960.00000,147960.00000,1514
RIZ2,1,20121008,112400,147960.00000,147970.00000,147850.00000,147850.00000,2529
RIZ2,1,20121008,112500,147870.00000,147880.00000,147770.00000,147820.00000,3532
RIZ2,1,20121008,112600,147820.00000,147930.00000,147790.00000,147890.00000,1858
RIZ2,1,20121008,112700,147900.00000,147910.00000,147830.00000,147860.00000,1135
RIZ2,1,20121008,112800,147860.00000,147860.00000,147790.00000,147810.00000,1720
RIZ2,1,20121008,112900,147810.00000,147840.00000,147620.00000,147660.00000,6975
RIZ2,1,20121008,113000,147660.00000,147680.00000,147570.00000,147670.00000,5694
RIZ2,1,20121008,113100,147670.00000,147750.00000,147650.00000,147720.00000,2157
RIZ2,1,20121008,113200,147730.00000,147830.00000,147710.00000,147810.00000,2531
RIZ2,1,20121008,113300,147810.00000,147810.00000,147660.00000,147690.00000,1935
RIZ2,1,20121008,113400,147690.00000,147730.00000,147610.00000,147690.00000,2435
RIZ2,1,20121008,113500,147690.00000,147900.00000,147680.00000,147870.00000,3558
RIZ2,1,20121008,113600,147860.00000,147990.00000,147850.00000,147980.00000,2714
RIZ2,1,20121008,113700,147980.00000,147980.00000,147890.00000,147930.00000,1176
RIZ2,1,20121008,113800,147940.00000,147940.00000,147870.00000,147870.00000,538
RIZ2,1,20121008,113900,147870.00000,147910.00000,147800.00000,147900.00000,1127
RIZ2,1,20121008,114000,147900.00000,147910.00000,147850.00000,147850.00000,489
RIZ2,1,20121008,114100,147850.00000,147970.00000,147850.00000,147940.00000,1271
RIZ2,1,20121008,114200,147940.00000,147970.00000,147900.00000,147950.00000,809
RIZ2,1,20121008,114300,147960.00000,147960.00000,147900.00000,147960.00000,1146
RIZ2,1,20121008,114400,147960.00000,147980.00000,147920.00000,147960.00000,1040
RIZ2,1,20121008,114500,147960.00000,148000.00000,147940.00000,147970.00000,1845
RIZ2,1,20121008,114600,147990.00000,148040.00000,147940.00000,148030.00000,1437
RIZ2,1,20121008,114700,148040.00000,148070.00000,148000.00000,148040.00000,1581
RIZ2,1,20121008,114800,148050.00000,148050.00000,147980.00000,147990.00000,1591
RIZ2,1,20121008,114900,147990.00000,148030.00000,147940.00000,148000.00000,1698
RIZ2,1,20121008,115000,148000.00000,148030.00000,147870.00000,147890.00000,2294
RIZ2,1,20121008,115100,147890.00000,147930.00000,147840.00000,147900.00000,1168
RIZ2,1,20121008,115200,147900.00000,147930.00000,147880.00000,147900.00000,733
RIZ2,1,20121008,115300,147900.00000,147920.00000,147840.00000,147850.00000,867
RIZ2,1,20121008,115400,147840.00000,147910.00000,147810.00000,147880.00000,1541
RIZ2,1,20121008,115500,147850.00000,147880.00000,147760.00000,147780.00000,2976
RIZ2,1,20121008,115600,147770.00000,147800.00000,147670.00000,147680.00000,3463
RIZ2,1,20121008,115700,147690.00000,147750.00000,147650.00000,147690.00000,2467
RIZ2,1,20121008,115800,147700.00000,147840.00000,147700.00000,147820.00000,1738
RIZ2,1,20121008,115900,147820.00000,147850.00000,147670.00000,147680.00000,3344
RIZ2,1,20121008,120000,147680.00000,147700.00000,147600.00000,147650.00000,4604
RIZ2,1,20121008,120100,147640.00000,147750.00000,147620.00000,147650.00000,2251
RIZ2,1,20121008,120200,147660.00000,147690.00000,147510.00000,147670.00000,4242
RIZ2,1,20121008,120300,147670.00000,147710.00000,147580.00000,147690.00000,1511
RIZ2,1,20121008,120400,147690.00000,147820.00000,147670.00000,147820.00000,2377
RIZ2,1,20121008,120500,147820.00000,147970.00000,147810.00000,147910.00000,2628
RIZ2,1,20121008,120600,147910.00000,147920.00000,147850.00000,147850.00000,729
RIZ2,1,20121008,120700,147860.00000,147890.00000,147830.00000,147880.00000,643
RIZ2,1,20121008,120800,147870.00000,147930.00000,147860.00000,147920.00000,719
RIZ2,1,20121008,120900,147930.00000,147930.00000,147800.00000,147830.00000,1125
RIZ2,1,20121008,121000,147830.00000,147890.00000,147820.00000,147840.00000,907
RIZ2,1,20121008,121100,147830.00000,147840.00000,147760.00000,147800.00000,1095
RIZ2,1,20121008,121200,147800.00000,147860.00000,147780.00000,147860.00000,401
RIZ2,1,20121008,121300,147860.00000,147970.00000,147840.00000,147910.00000,1536
RIZ2,1,20121008,121400,147910.00000,147930.00000,147850.00000,147910.00000,849
RIZ2,1,20121008,121500,147910.00000,147950.00000,147870.00000,147910.00000,1513
RIZ2,1,20121008,121600,147910.00000,147970.00000,147900.00000,147950.00000,571
RIZ2,1,20121008,121700,147950.00000,147970.00000,147930.00000,147970.00000,838
RIZ2,1,20121008,121800,147950.00000,147960.00000,147880.00000,147900.00000,759
RIZ2,1,20121008,121900,147910.00000,147910.00000,147870.00000,147870.00000,198
RIZ2,1,20121008,122000,147880.00000,147890.00000,147860.00000,147870.00000,301
RIZ2,1,20121008,122100,147880.00000,147890.00000,147870.00000,147870.00000,115
RIZ2,1,20121008,122200,147870.00000,147910.00000,147860.00000,147900.00000,296
RIZ2,1,20121008,122300,147900.00000,147900.00000,147790.00000,147820.00000,1603
RIZ2,1,20121008,122400,147820.00000,147850.00000,147780.00000,147810.00000,766
RIZ2,1,20121008,122500,147800.00000,147820.00000,147670.00000,147720.00000,2580
RIZ2,1,20121008,122600,147730.00000,147800.00000,147710.00000,147800.00000,568
RIZ2,1,20121008,122700,147800.00000,147810.00000,147740.00000,147780.00000,966
RIZ2,1,20121008,122800,147790.00000,147830.00000,147760.00000,147800.00000,1257
RIZ2,1,20121008,122900,147820.00000,147830.00000,147750.00000,147800.00000,1061
RIZ2,1,20121008,123000,147800.00000,147820.00000,147680.00000,147680.00000,1614
RIZ2,1,20121008,123100,147680.00000,147680.00000,147620.00000,147660.00000,1266
RIZ2,1,20121008,123200,147650.00000,147730.00000,147650.00000,147730.00000,856
RIZ2,1,20121008,123300,147730.00000,147740.00000,147580.00000,147580.00000,1487
RIZ2,1,20121008,123400,147590.00000,147670.00000,147560.00000,147570.00000,2048
RIZ2,1,20121008,123500,147580.00000,147630.00000,147530.00000,147570.00000,1991
RIZ2,1,20121008,123600,147570.00000,147590.00000,147500.00000,147590.00000,2506
RIZ2,1,20121008,123700,147580.00000,147640.00000,147510.00000,147520.00000,1223
RIZ2,1,20121008,123800,147520.00000,147520.00000,147360.00000,147480.00000,5923
RIZ2,1,20121008,123900,147470.00000,147580.00000,147460.00000,147580.00000,1990
RIZ2,1,20121008,124000,147570.00000,147590.00000,147520.00000,147550.00000,1422
RIZ2,1,20121008,124100,147550.00000,147670.00000,147540.00000,147670.00000,1514
RIZ2,1,20121008,124200,147650.00000,147700.00000,147650.00000,147700.00000,1339
RIZ2,1,20121008,124300,147700.00000,147790.00000,147690.00000,147730.00000,1734
RIZ2,1,20121008,124400,147730.00000,147750.00000,147670.00000,147700.00000,753
RIZ2,1,20121008,124500,147700.00000,147740.00000,147650.00000,147700.00000,765
RIZ2,1,20121008,124600,147700.00000,147820.00000,147690.00000,147820.00000,1364
RIZ2,1,20121008,124700,147800.00000,147870.00000,147770.00000,147850.00000,1582
RIZ2,1,20121008,124800,147850.00000,147850.00000,147780.00000,147820.00000,633
RIZ2,1,20121008,124900,147810.00000,147840.00000,147730.00000,147770.00000,920
RIZ2,1,20121008,125000,147760.00000,147850.00000,147760.00000,147850.00000,1006
RIZ2,1,20121008,125100,147860.00000,147950.00000,147860.00000,147900.00000,2009
RIZ2,1,20121008,125200,147890.00000,147910.00000,147870.00000,147890.00000,490
RIZ2,1,20121008,125300,147890.00000,147900.00000,147850.00000,147890.00000,479
RIZ2,1,20121008,125400,147880.00000,148080.00000,147850.00000,148070.00000,3286
RIZ2,1,20121008,125500,148070.00000,148220.00000,148020.00000,148190.00000,6365
RIZ2,1,20121008,125600,148190.00000,148240.00000,148140.00000,148170.00000,3147
RIZ2,1,20121008,125700,148170.00000,148200.00000,148130.00000,148150.00000,898
RIZ2,1,20121008,125800,148150.00000,148240.00000,148150.00000,148160.00000,1343
RIZ2,1,20121008,125900,148160.00000,148220.00000,148100.00000,148130.00000,1829
RIZ2,1,20121008,130000,148140.00000,148150.00000,148030.00000,148090.00000,4722
RIZ2,1,20121008,130100,148080.00000,148090.00000,148040.00000,148080.00000,532
RIZ2,1,20121008,130200,148080.00000,148120.00000,148060.00000,148110.00000,747
RIZ2,1,20121008,130300,148100.00000,148130.00000,148060.00000,148130.00000,547
RIZ2,1,20121008,130400,148130.00000,148170.00000,148120.00000,148130.00000,821
RIZ2,1,20121008,130500,148130.00000,148180.00000,148120.00000,148140.00000,316
RIZ2,1,20121008,130600,148140.00000,148160.00000,148090.00000,148110.00000,485
RIZ2,1,20121008,130700,148120.00000,148120.00000,148050.00000,148060.00000,1490
RIZ2,1,20121008,130800,148070.00000,148130.00000,148060.00000,148090.00000,503
RIZ2,1,20121008,130900,148090.00000,148180.00000,148080.00000,148160.00000,872
RIZ2,1,20121008,131000,148160.00000,148180.00000,148130.00000,148130.00000,281
RIZ2,1,20121008,131100,148140.00000,148150.00000,148010.00000,148040.00000,1443
RIZ2,1,20121008,131200,148030.00000,148050.00000,147930.00000,147970.00000,2309
RIZ2,1,20121008,131300,147970.00000,148040.00000,147970.00000,148010.00000,586
RIZ2,1,20121008,131400,148020.00000,148020.00000,147950.00000,147950.00000,691
RIZ2,1,20121008,131500,147950.00000,148020.00000,147910.00000,148010.00000,1000
RIZ2,1,20121008,131600,148010.00000,148090.00000,147980.00000,148040.00000,759
RIZ2,1,20121008,131700,148040.00000,148090.00000,148030.00000,148040.00000,380
RIZ2,1,20121008,131800,148040.00000,148120.00000,148030.00000,148100.00000,752
RIZ2,1,20121008,131900,148090.00000,148130.00000,148070.00000,148110.00000,598
RIZ2,1,20121008,132000,148110.00000,148150.00000,148100.00000,148130.00000,675
RIZ2,1,20121008,132100,148140.00000,148190.00000,148120.00000,148130.00000,1053
RIZ2,1,20121008,132200,148140.00000,148140.00000,148000.00000,148060.00000,1787
RIZ2,1,20121008,132300,148050.00000,148070.00000,148010.00000,148050.00000,456
RIZ2,1,20121008,132400,148050.00000,148090.00000,148010.00000,148030.00000,447
RIZ2,1,20121008,132500,148020.00000,148110.00000,148020.00000,148100.00000,439
RIZ2,1,20121008,132600,148090.00000,148100.00000,148060.00000,148100.00000,192
RIZ2,1,20121008,132700,148100.00000,148100.00000,148030.00000,148030.00000,292
RIZ2,1,20121008,132800,148030.00000,148110.00000,148030.00000,148090.00000,369
RIZ2,1,20121008,132900,148080.00000,148100.00000,148010.00000,148020.00000,835
RIZ2,1,20121008,133000,148030.00000,148080.00000,147970.00000,147990.00000,981
RIZ2,1,20121008,133100,147980.00000,148020.00000,147960.00000,148020.00000,883
RIZ2,1,20121008,133200,148000.00000,148020.00000,147960.00000,147990.00000,254
RIZ2,1,20121008,133300,147980.00000,148030.00000,147970.00000,148000.00000,196
RIZ2,1,20121008,133400,148000.00000,148060.00000,147980.00000,148050.00000,793
RIZ2,1,20121008,133500,148050.00000,148070.00000,148010.00000,148070.00000,472
RIZ2,1,20121008,133600,148070.00000,148080.00000,148000.00000,148040.00000,608
RIZ2,1,20121008,133700,148040.00000,148050.00000,147970.00000,147970.00000,368
RIZ2,1,20121008,133800,147980.00000,148020.00000,147920.00000,147930.00000,1001
RIZ2,1,20121008,133900,147940.00000,148030.00000,147940.00000,148010.00000,383
RIZ2,1,20121008,134000,148020.00000,148080.00000,147970.00000,148080.00000,1026
RIZ2,1,20121008,134100,148060.00000,148070.00000,148020.00000,148020.00000,317
RIZ2,1,20121008,134200,148020.00000,148050.00000,148000.00000,148000.00000,170
RIZ2,1,20121008,134300,148000.00000,148030.00000,148000.00000,148020.00000,178
RIZ2,1,20121008,134400,148030.00000,148050.00000,148020.00000,148050.00000,154
RIZ2,1,20121008,134500,148050.00000,148060.00000,148030.00000,148030.00000,221
RIZ2,1,20121008,134600,148040.00000,148050.00000,147990.00000,147990.00000,478
RIZ2,1,20121008,134700,148000.00000,148060.00000,147990.00000,148060.00000,145
RIZ2,1,20121008,134800,148050.00000,148130.00000,148030.00000,148090.00000,1335
RIZ2,1,20121008,134900,148080.00000,148080.00000,147940.00000,147970.00000,909
RIZ2,1,20121008,135000,147960.00000,147980.00000,147900.00000,147920.00000,965
RIZ2,1,20121008,135100,147920.00000,148000.00000,147870.00000,147980.00000,1796
RIZ2,1,20121008,135200,147970.00000,148040.00000,147950.00000,148030.00000,366
RIZ2,1,20121008,135300,148030.00000,148050.00000,147970.00000,147990.00000,398
RIZ2,1,20121008,135400,147990.00000,148080.00000,147960.00000,148060.00000,465
RIZ2,1,20121008,135500,148060.00000,148080.00000,148000.00000,148000.00000,316
RIZ2,1,20121008,135600,148000.00000,148030.00000,148000.00000,148000.00000,137
RIZ2,1,20121008,135700,148000.00000,148040.00000,147990.00000,148030.00000,246
RIZ2,1,20121008,135800,148020.00000,148040.00000,147970.00000,147970.00000,355
RIZ2,1,20121008,135900,147970.00000,148020.00000,147950.00000,147980.00000,978
RIZ2,1,20121008,140300,148010.00000,148060.00000,147840.00000,147870.00000,2403
RIZ2,1,20121008,140400,147850.00000,147890.00000,147740.00000,147830.00000,2752
RIZ2,1,20121008,140500,147830.00000,147920.00000,147800.00000,147920.00000,1215
RIZ2,1,20121008,140600,147920.00000,147930.00000,147840.00000,147860.00000,466
RIZ2,1,20121008,140700,147860.00000,147880.00000,147820.00000,147850.00000,423
RIZ2,1,20121008,140800,147850.00000,147880.00000,147810.00000,147830.00000,535
RIZ2,1,20121008,140900,147820.00000,147850.00000,147730.00000,147780.00000,1308
RIZ2,1,20121008,141000,147780.00000,147860.00000,147780.00000,147800.00000,816
RIZ2,1,20121008,141100,147800.00000,147850.00000,147750.00000,147790.00000,766
RIZ2,1,20121008,141200,147780.00000,147890.00000,147780.00000,147820.00000,1259
RIZ2,1,20121008,141300,147830.00000,147900.00000,147830.00000,147890.00000,331
RIZ2,1,20121008,141400,147880.00000,147920.00000,147870.00000,147900.00000,592
RIZ2,1,20121008,141500,147910.00000,147990.00000,147880.00000,147950.00000,825
RIZ2,1,20121008,141600,147950.00000,148050.00000,147940.00000,147980.00000,1482
RIZ2,1,20121008,141700,147990.00000,148000.00000,147940.00000,147940.00000,391
RIZ2,1,20121008,141800,147950.00000,147960.00000,147740.00000,147780.00000,2167
RIZ2,1,20121008,141900,147790.00000,147810.00000,147600.00000,147630.00000,3955
RIZ2,1,20121008,142000,147640.00000,147670.00000,147600.00000,147640.00000,1590
RIZ2,1,20121008,142100,147640.00000,147650.00000,147520.00000,147550.00000,3765
RIZ2,1,20121008,142200,147560.00000,147610.00000,147540.00000,147560.00000,1227
RIZ2,1,20121008,142300,147580.00000,147580.00000,147490.00000,147540.00000,2820
RIZ2,1,20121008,142400,147550.00000,147670.00000,147520.00000,147620.00000,1959
RIZ2,1,20121008,142500,147620.00000,147670.00000,147610.00000,147660.00000,775
RIZ2,1,20121008,142600,147670.00000,147750.00000,147640.00000,147730.00000,1075
RIZ2,1,20121008,142700,147720.00000,147730.00000,147650.00000,147650.00000,766
RIZ2,1,20121008,142800,147650.00000,147680.00000,147610.00000,147660.00000,1448
RIZ2,1,20121008,142900,147660.00000,147720.00000,147620.00000,147660.00000,1167
RIZ2,1,20121008,143000,147660.00000,147750.00000,147620.00000,147740.00000,1168
RIZ2,1,20121008,143100,147750.00000,147750.00000,147700.00000,147730.00000,435
RIZ2,1,20121008,143200,147720.00000,147740.00000,147670.00000,147730.00000,637
RIZ2,1,20121008,143300,147730.00000,147790.00000,147700.00000,147720.00000,976
RIZ2,1,20121008,143400,147730.00000,147770.00000,147690.00000,147730.00000,497
RIZ2,1,20121008,143500,147740.00000,147750.00000,147680.00000,147680.00000,430
RIZ2,1,20121008,143600,147700.00000,147710.00000,147610.00000,147630.00000,782
RIZ2,1,20121008,143700,147630.00000,147690.00000,147630.00000,147660.00000,402
RIZ2,1,20121008,143800,147650.00000,147730.00000,147650.00000,147710.00000,475
RIZ2,1,20121008,143900,147710.00000,147710.00000,147670.00000,147680.00000,132
RIZ2,1,20121008,144000,147660.00000,147660.00000,147580.00000,147640.00000,960
RIZ2,1,20121008,144100,147640.00000,147670.00000,147630.00000,147650.00000,193
RIZ2,1,20121008,144200,147660.00000,147710.00000,147640.00000,147700.00000,430
RIZ2,1,20121008,144300,147710.00000,147730.00000,147690.00000,147700.00000,344
RIZ2,1,20121008,144400,147710.00000,147740.00000,147700.00000,147720.00000,268
RIZ2,1,20121008,144500,147730.00000,147760.00000,147710.00000,147760.00000,277
RIZ2,1,20121008,144600,147750.00000,147770.00000,147710.00000,147710.00000,367
RIZ2,1,20121008,144700,147710.00000,147750.00000,147690.00000,147740.00000,354
RIZ2,1,20121008,144800,147740.00000,147770.00000,147730.00000,147760.00000,508
RIZ2,1,20121008,144900,147750.00000,147900.00000,147750.00000,147850.00000,2108
RIZ2,1,20121008,145000,147850.00000,148030.00000,147850.00000,148010.00000,3598
RIZ2,1,20121008,145100,148020.00000,148120.00000,148000.00000,148070.00000,2168
RIZ2,1,20121008,145200,148050.00000,148080.00000,147980.00000,148020.00000,1162
RIZ2,1,20121008,145300,148010.00000,148080.00000,147980.00000,148030.00000,1290
RIZ2,1,20121008,145400,148040.00000,148050.00000,147990.00000,148040.00000,1013
RIZ2,1,20121008,145500,148030.00000,148060.00000,147930.00000,147950.00000,1594
RIZ2,1,20121008,145600,147950.00000,148010.00000,147950.00000,147970.00000,469
RIZ2,1,20121008,145700,147990.00000,148060.00000,147970.00000,148060.00000,916
RIZ2,1,20121008,145800,148050.00000,148070.00000,147980.00000,148050.00000,881
RIZ2,1,20121008,145900,148060.00000,148170.00000,148050.00000,148170.00000,2345
RIZ2,1,20121008,150000,148160.00000,148180.00000,148040.00000,148050.00000,2111
RIZ2,1,20121008,150100,148060.00000,148100.00000,148030.00000,148060.00000,1260
RIZ2,1,20121008,150200,148040.00000,148090.00000,148030.00000,148060.00000,664
RIZ2,1,20121008,150300,148060.00000,148080.00000,147980.00000,148020.00000,1013
RIZ2,1,20121008,150400,148020.00000,148070.00000,148020.00000,148030.00000,288
RIZ2,1,20121008,150500,148010.00000,148040.00000,148000.00000,148000.00000,395
RIZ2,1,20121008,150600,148000.00000,148040.00000,147970.00000,147970.00000,656
RIZ2,1,20121008,150700,147980.00000,147980.00000,147940.00000,147980.00000,799
RIZ2,1,20121008,150800,147970.00000,147980.00000,147940.00000,147970.00000,232
RIZ2,1,20121008,150900,147960.00000,147990.00000,147950.00000,147980.00000,258
RIZ2,1,20121008,151000,147980.00000,147990.00000,147950.00000,147990.00000,873
RIZ2,1,20121008,151100,147990.00000,147990.00000,147950.00000,147980.00000,264
RIZ2,1,20121008,151200,147980.00000,148030.00000,147980.00000,148030.00000,1222
RIZ2,1,20121008,151300,148010.00000,148060.00000,147950.00000,147970.00000,1045
RIZ2,1,20121008,151400,147960.00000,148010.00000,147960.00000,147970.00000,225
RIZ2,1,20121008,151500,147990.00000,147990.00000,147800.00000,147880.00000,3083
RIZ2,1,20121008,151600,147870.00000,147920.00000,147850.00000,147900.00000,787
RIZ2,1,20121008,151700,147890.00000,147940.00000,147870.00000,147940.00000,284
RIZ2,1,20121008,151800,147940.00000,147950.00000,147880.00000,147880.00000,334
RIZ2,1,20121008,151900,147880.00000,147890.00000,147770.00000,147790.00000,1735
RIZ2,1,20121008,152000,147800.00000,147850.00000,147760.00000,147810.00000,640
RIZ2,1,20121008,152100,147810.00000,147870.00000,147800.00000,147850.00000,504
RIZ2,1,20121008,152200,147850.00000,147970.00000,147850.00000,147910.00000,1380
RIZ2,1,20121008,152300,147910.00000,147970.00000,147870.00000,147950.00000,585
RIZ2,1,20121008,152400,147960.00000,147960.00000,147850.00000,147900.00000,688
RIZ2,1,20121008,152500,147890.00000,147900.00000,147870.00000,147870.00000,183
RIZ2,1,20121008,152600,147870.00000,147920.00000,147870.00000,147890.00000,192
RIZ2,1,20121008,152700,147890.00000,147950.00000,147890.00000,147950.00000,399
RIZ2,1,20121008,152800,147940.00000,148010.00000,147930.00000,148010.00000,1095
RIZ2,1,20121008,152900,147990.00000,147990.00000,147860.00000,147870.00000,612
RIZ2,1,20121008,153000,147860.00000,147870.00000,147770.00000,147870.00000,1220
RIZ2,1,20121008,153100,147870.00000,147940.00000,147850.00000,147940.00000,755
RIZ2,1,20121008,153200,147940.00000,148070.00000,147920.00000,148020.00000,1694
RIZ2,1,20121008,153300,148020.00000,148090.00000,148010.00000,148040.00000,766
RIZ2,1,20121008,153400,148040.00000,148100.00000,148000.00000,148060.00000,979
RIZ2,1,20121008,153500,148070.00000,148100.00000,148010.00000,148040.00000,498
RIZ2,1,20121008,153600,148030.00000,148080.00000,148000.00000,148050.00000,987
RIZ2,1,20121008,153700,148050.00000,148060.00000,147930.00000,147980.00000,895
RIZ2,1,20121008,153800,147990.00000,148020.00000,147970.00000,148000.00000,258
RIZ2,1,20121008,153900,147980.00000,148080.00000,147980.00000,148060.00000,592
RIZ2,1,20121008,154000,148060.00000,148070.00000,148020.00000,148030.00000,147
RIZ2,1,20121008,154100,148030.00000,148050.00000,148000.00000,148010.00000,247
RIZ2,1,20121008,154200,148010.00000,148020.00000,147970.00000,147980.00000,340
RIZ2,1,20121008,154300,147990.00000,148000.00000,147890.00000,147980.00000,978
RIZ2,1,20121008,154400,147970.00000,148010.00000,147950.00000,147970.00000,270
RIZ2,1,20121008,154500,147980.00000,148010.00000,147970.00000,148010.00000,221
RIZ2,1,20121008,154600,148020.00000,148020.00000,147980.00000,147980.00000,128
RIZ2,1,20121008,154700,147980.00000,148130.00000,147980.00000,148130.00000,1417
RIZ2,1,20121008,154800,148120.00000,148160.00000,148080.00000,148120.00000,1009
RIZ2,1,20121008,154900,148120.00000,148170.00000,148090.00000,148120.00000,817
RIZ2,1,20121008,155000,148130.00000,148240.00000,148100.00000,148160.00000,3060
RIZ2,1,20121008,155100,148140.00000,148360.00000,148130.00000,148350.00000,3691
RIZ2,1,20121008,155200,148330.00000,148500.00000,148310.00000,148370.00000,7015
RIZ2,1,20121008,155300,148370.00000,148400.00000,148220.00000,148300.00000,2277
RIZ2,1,20121008,155400,148300.00000,148350.00000,148270.00000,148340.00000,738
RIZ2,1,20121008,155500,148350.00000,148380.00000,148260.00000,148290.00000,1007
RIZ2,1,20121008,155600,148290.00000,148350.00000,148280.00000,148330.00000,406
RIZ2,1,20121008,155700,148330.00000,148430.00000,148280.00000,148370.00000,1478
RIZ2,1,20121008,155800,148380.00000,148430.00000,148360.00000,148400.00000,1118
RIZ2,1,20121008,155900,148400.00000,148460.00000,148350.00000,148350.00000,1730
RIZ2,1,20121008,160000,148360.00000,148400.00000,148290.00000,148390.00000,2176
RIZ2,1,20121008,160100,148390.00000,148440.00000,148360.00000,148380.00000,962
RIZ2,1,20121008,160200,148390.00000,148400.00000,148350.00000,148380.00000,466
RIZ2,1,20121008,160300,148370.00000,148390.00000,148320.00000,148340.00000,594
RIZ2,1,20121008,160400,148350.00000,148380.00000,148340.00000,148350.00000,363
RIZ2,1,20121008,160500,148360.00000,148370.00000,148290.00000,148320.00000,661
RIZ2,1,20121008,160600,148330.00000,148450.00000,148310.00000,148430.00000,1793
RIZ2,1,20121008,160700,148430.00000,148440.00000,148310.00000,148350.00000,1463
RIZ2,1,20121008,160800,148350.00000,148380.00000,148280.00000,148300.00000,1064
RIZ2,1,20121008,160900,148310.00000,148320.00000,148200.00000,148270.00000,1675
RIZ2,1,20121008,161000,148250.00000,148270.00000,148160.00000,148210.00000,1859
RIZ2,1,20121008,161100,148220.00000,148240.00000,148190.00000,148230.00000,415
RIZ2,1,20121008,161200,148230.00000,148250.00000,148190.00000,148240.00000,649
RIZ2,1,20121008,161300,148250.00000,148250.00000,148160.00000,148200.00000,707
RIZ2,1,20121008,161400,148200.00000,148260.00000,148200.00000,148230.00000,642
RIZ2,1,20121008,161500,148230.00000,148250.00000,148140.00000,148180.00000,767
RIZ2,1,20121008,161600,148170.00000,148190.00000,148130.00000,148160.00000,426
RIZ2,1,20121008,161700,148170.00000,148200.00000,148160.00000,148170.00000,445
RIZ2,1,20121008,161800,148170.00000,148270.00000,148160.00000,148260.00000,1260
RIZ2,1,20121008,161900,148250.00000,148330.00000,148230.00000,148290.00000,1288
RIZ2,1,20121008,162000,148300.00000,148330.00000,148240.00000,148280.00000,784
RIZ2,1,20121008,162100,148270.00000,148280.00000,148210.00000,148250.00000,755
RIZ2,1,20121008,162200,148230.00000,148270.00000,148150.00000,148160.00000,1933
RIZ2,1,20121008,162300,148160.00000,148230.00000,148160.00000,148200.00000,991
RIZ2,1,20121008,162400,148200.00000,148220.00000,148180.00000,148200.00000,209
RIZ2,1,20121008,162500,148190.00000,148270.00000,148170.00000,148170.00000,933
RIZ2,1,20121008,162600,148180.00000,148230.00000,148170.00000,148210.00000,369
RIZ2,1,20121008,162700,148210.00000,148230.00000,148190.00000,148200.00000,238
RIZ2,1,20121008,162800,148190.00000,148210.00000,148100.00000,148120.00000,1833
RIZ2,1,20121008,162900,148120.00000,148140.00000,148010.00000,148070.00000,2117
RIZ2,1,20121008,163000,148090.00000,148090.00000,147790.00000,147910.00000,6189
RIZ2,1,20121008,163100,147910.00000,147970.00000,147890.00000,147960.00000,881
RIZ2,1,20121008,163200,147960.00000,148030.00000,147940.00000,147970.00000,849
RIZ2,1,20121008,163300,147980.00000,148030.00000,147950.00000,148020.00000,942
RIZ2,1,20121008,163400,148010.00000,148050.00000,147940.00000,148020.00000,1315
RIZ2,1,20121008,163500,148030.00000,148050.00000,148010.00000,148030.00000,346
RIZ2,1,20121008,163600,148030.00000,148050.00000,148010.00000,148030.00000,316
RIZ2,1,20121008,163700,148030.00000,148060.00000,148010.00000,148030.00000,514
RIZ2,1,20121008,163800,148030.00000,148060.00000,147990.00000,148030.00000,588
RIZ2,1,20121008,163900,148040.00000,148240.00000,148040.00000,148230.00000,1809
RIZ2,1,20121008,164000,148230.00000,148460.00000,148230.00000,148390.00000,4809
RIZ2,1,20121008,164100,148390.00000,148420.00000,148270.00000,148270.00000,1579
RIZ2,1,20121008,164200,148280.00000,148320.00000,148260.00000,148280.00000,882
RIZ2,1,20121008,164300,148280.00000,148290.00000,148180.00000,148210.00000,831
RIZ2,1,20121008,164400,148200.00000,148270.00000,148200.00000,148220.00000,383
RIZ2,1,20121008,164500,148220.00000,148270.00000,148210.00000,148270.00000,426
RIZ2,1,20121008,164600,148260.00000,148280.00000,148240.00000,148250.00000,221
RIZ2,1,20121008,164700,148250.00000,148320.00000,148250.00000,148280.00000,418
RIZ2,1,20121008,164800,148290.00000,148330.00000,148290.00000,148300.00000,331
RIZ2,1,20121008,164900,148310.00000,148310.00000,148220.00000,148220.00000,1010
RIZ2,1,20121008,165000,148220.00000,148240.00000,148070.00000,148110.00000,2844
RIZ2,1,20121008,165100,148110.00000,148180.00000,148100.00000,148140.00000,477
RIZ2,1,20121008,165200,148150.00000,148150.00000,148080.00000,148080.00000,437
RIZ2,1,20121008,165300,148080.00000,148140.00000,148040.00000,148140.00000,861
RIZ2,1,20121008,165400,148140.00000,148140.00000,148020.00000,148030.00000,906
RIZ2,1,20121008,165500,148030.00000,148090.00000,148030.00000,148050.00000,611
RIZ2,1,20121008,165600,148050.00000,148130.00000,148040.00000,148110.00000,920
RIZ2,1,20121008,165700,148100.00000,148170.00000,148070.00000,148090.00000,1137
RIZ2,1,20121008,165800,148100.00000,148190.00000,148070.00000,148170.00000,708
RIZ2,1,20121008,165900,148160.00000,148180.00000,148100.00000,148120.00000,834
RIZ2,1,20121008,170000,148120.00000,148300.00000,148080.00000,148280.00000,2897
RIZ2,1,20121008,170100,148290.00000,148300.00000,148190.00000,148190.00000,1177
RIZ2,1,20121008,170200,148200.00000,148210.00000,148150.00000,148190.00000,1011
RIZ2,1,20121008,170300,148190.00000,148290.00000,148190.00000,148240.00000,1378
RIZ2,1,20121008,170400,148250.00000,148290.00000,148220.00000,148220.00000,782
RIZ2,1,20121008,170500,148220.00000,148250.00000,148100.00000,148150.00000,1238
RIZ2,1,20121008,170600,148130.00000,148200.00000,148110.00000,148190.00000,399
RIZ2,1,20121008,170700,148190.00000,148230.00000,148140.00000,148180.00000,513
RIZ2,1,20121008,170800,148160.00000,148200.00000,148160.00000,148200.00000,448
RIZ2,1,20121008,170900,148200.00000,148210.00000,148160.00000,148170.00000,144
RIZ2,1,20121008,171000,148170.00000,148190.00000,148120.00000,148130.00000,657
RIZ2,1,20121008,171100,148130.00000,148190.00000,148120.00000,148140.00000,936
RIZ2,1,20121008,171200,148130.00000,148150.00000,148060.00000,148070.00000,704
RIZ2,1,20121008,171300,148070.00000,148120.00000,148060.00000,148080.00000,469
RIZ2,1,20121008,171400,148080.00000,148100.00000,148070.00000,148100.00000,428
RIZ2,1,20121008,171500,148100.00000,148100.00000,148010.00000,148030.00000,1036
RIZ2,1,20121008,171600,148040.00000,148100.00000,148030.00000,148060.00000,541
RIZ2,1,20121008,171700,148060.00000,148090.00000,148040.00000,148090.00000,286
RIZ2,1,20121008,171800,148080.00000,148170.00000,148040.00000,148150.00000,1097
RIZ2,1,20121008,171900,148150.00000,148280.00000,148140.00000,148210.00000,2904
RIZ2,1,20121008,172000,148200.00000,148240.00000,148160.00000,148170.00000,539
RIZ2,1,20121008,172100,148170.00000,148240.00000,148140.00000,148150.00000,645
RIZ2,1,20121008,172200,148150.00000,148230.00000,148110.00000,148220.00000,535
RIZ2,1,20121008,172300,148210.00000,148210.00000,148160.00000,148170.00000,288
RIZ2,1,20121008,172400,148170.00000,148230.00000,148160.00000,148210.00000,540
RIZ2,1,20121008,172500,148200.00000,148220.00000,148160.00000,148200.00000,353
RIZ2,1,20121008,172600,148200.00000,148250.00000,148180.00000,148230.00000,439
RIZ2,1,20121008,172700,148240.00000,148470.00000,148240.00000,148340.00000,4958
RIZ2,1,20121008,172800,148340.00000,148380.00000,148310.00000,148340.00000,1338
RIZ2,1,20121008,172900,148340.00000,148360.00000,148250.00000,148250.00000,1328
RIZ2,1,20121008,173000,148250.00000,148320.00000,148160.00000,148190.00000,2929
RIZ2,1,20121008,173100,148180.00000,148290.00000,148070.00000,148100.00000,3769
RIZ2,1,20121008,173200,148100.00000,148230.00000,148050.00000,148180.00000,3328
RIZ2,1,20121008,173300,148180.00000,148270.00000,148170.00000,148260.00000,2458
RIZ2,1,20121008,173400,148250.00000,148270.00000,148150.00000,148200.00000,1494
RIZ2,1,20121008,173500,148200.00000,148290.00000,148170.00000,148260.00000,1841
RIZ2,1,20121008,173600,148250.00000,148310.00000,148190.00000,148300.00000,1833
RIZ2,1,20121008,173700,148300.00000,148310.00000,148160.00000,148210.00000,2054
RIZ2,1,20121008,173800,148210.00000,148280.00000,148180.00000,148190.00000,1395
RIZ2,1,20121008,173900,148190.00000,148240.00000,148140.00000,148150.00000,1974
RIZ2,1,20121008,174000,148140.00000,148230.00000,148130.00000,148190.00000,1467
RIZ2,1,20121008,174100,148190.00000,148270.00000,148160.00000,148200.00000,1661
RIZ2,1,20121008,174200,148200.00000,148240.00000,148150.00000,148190.00000,985
RIZ2,1,20121008,174300,148170.00000,148220.00000,148150.00000,148170.00000,1253
RIZ2,1,20121008,174400,148170.00000,148240.00000,148150.00000,148220.00000,917
RIZ2,1,20121008,174500,148220.00000,148270.00000,148150.00000,148180.00000,2008
RIZ2,1,20121008,174600,148190.00000,148250.00000,148140.00000,148210.00000,1267
RIZ2,1,20121008,174700,148230.00000,148260.00000,148120.00000,148140.00000,1462
RIZ2,1,20121008,174800,148130.00000,148200.00000,148080.00000,148120.00000,1615
RIZ2,1,20121008,174900,148130.00000,148150.00000,148060.00000,148100.00000,1801
RIZ2,1,20121008,175000,148110.00000,148180.00000,148080.00000,148160.00000,1371
RIZ2,1,20121008,175100,148170.00000,148180.00000,148110.00000,148170.00000,958
RIZ2,1,20121008,175200,148170.00000,148230.00000,148130.00000,148180.00000,2090
RIZ2,1,20121008,175300,148180.00000,148220.00000,148140.00000,148160.00000,871
RIZ2,1,20121008,175400,148170.00000,148240.00000,148130.00000,148200.00000,1204
RIZ2,1,20121008,175500,148220.00000,148330.00000,148150.00000,148300.00000,2460
RIZ2,1,20121008,175600,148300.00000,148310.00000,148250.00000,148280.00000,817
RIZ2,1,20121008,175700,148280.00000,148400.00000,148260.00000,148300.00000,2930
RIZ2,1,20121008,175800,148310.00000,148360.00000,148230.00000,148350.00000,1898
RIZ2,1,20121008,175900,148340.00000,148370.00000,148310.00000,148360.00000,1082
RIZ2,1,20121008,180000,148350.00000,148640.00000,148350.00000,148610.00000,12059
RIZ2,1,20121008,180100,148600.00000,148740.00000,148540.00000,148710.00000,5953
RIZ2,1,20121008,180200,148700.00000,148780.00000,148640.00000,148690.00000,4398
RIZ2,1,20121008,180300,148690.00000,148700.00000,148520.00000,148560.00000,3018
RIZ2,1,20121008,180400,148590.00000,148650.00000,148550.00000,148560.00000,1659
RIZ2,1,20121008,180500,148580.00000,148650.00000,148570.00000,148600.00000,1248
RIZ2,1,20121008,180600,148610.00000,148620.00000,148470.00000,148500.00000,2360
RIZ2,1,20121008,180700,148500.00000,148540.00000,148440.00000,148470.00000,1971
RIZ2,1,20121008,180800,148470.00000,148580.00000,148460.00000,148510.00000,1351
RIZ2,1,20121008,180900,148530.00000,148600.00000,148450.00000,148500.00000,2774
RIZ2,1,20121008,181000,148500.00000,148560.00000,148500.00000,148500.00000,1598
RIZ2,1,20121008,181100,148500.00000,148560.00000,148480.00000,148530.00000,741
RIZ2,1,20121008,181200,148540.00000,148570.00000,148470.00000,148480.00000,1266
RIZ2,1,20121008,181300,148490.00000,148520.00000,148380.00000,148460.00000,2561
RIZ2,1,20121008,181400,148440.00000,148520.00000,148420.00000,148450.00000,1147
RIZ2,1,20121008,181500,148440.00000,148510.00000,148430.00000,148450.00000,1602
RIZ2,1,20121008,181600,148480.00000,148520.00000,148460.00000,148470.00000,1376
RIZ2,1,20121008,181700,148470.00000,148500.00000,148390.00000,148450.00000,2217
RIZ2,1,20121008,181800,148450.00000,148490.00000,148390.00000,148420.00000,1828
RIZ2,1,20121008,181900,148410.00000,148470.00000,148370.00000,148450.00000,800
RIZ2,1,20121008,182000,148460.00000,148510.00000,148420.00000,148430.00000,1279
RIZ2,1,20121008,182100,148420.00000,148420.00000,148290.00000,148350.00000,2573
RIZ2,1,20121008,182200,148350.00000,148420.00000,148330.00000,148360.00000,1821
RIZ2,1,20121008,182300,148360.00000,148460.00000,148340.00000,148390.00000,2361
RIZ2,1,20121008,182400,148390.00000,148530.00000,148390.00000,148490.00000,3031
RIZ2,1,20121008,182500,148490.00000,148520.00000,148400.00000,148410.00000,1885
RIZ2,1,20121008,182600,148420.00000,148480.00000,148410.00000,148440.00000,724
RIZ2,1,20121008,182700,148450.00000,148460.00000,148300.00000,148400.00000,2063
RIZ2,1,20121008,182800,148400.00000,148400.00000,148350.00000,148370.00000,738
RIZ2,1,20121008,182900,148370.00000,148380.00000,148320.00000,148370.00000,536
RIZ2,1,20121008,183000,148380.00000,148450.00000,148360.00000,148380.00000,1269
RIZ2,1,20121008,183100,148380.00000,148410.00000,148300.00000,148340.00000,1350
RIZ2,1,20121008,183200,148340.00000,148400.00000,148310.00000,148390.00000,1100
RIZ2,1,20121008,183300,148380.00000,148410.00000,148340.00000,148390.00000,828
RIZ2,1,20121008,183400,148380.00000,148450.00000,148360.00000,148420.00000,855
RIZ2,1,20121008,183500,148410.00000,148500.00000,148380.00000,148500.00000,2251
RIZ2,1,20121008,183600,148490.00000,148530.00000,148440.00000,148480.00000,2684
RIZ2,1,20121008,183700,148490.00000,148520.00000,148440.00000,148510.00000,886
RIZ2,1,20121008,183800,148510.00000,148590.00000,148490.00000,148530.00000,2134
RIZ2,1,20121008,183900,148540.00000,148680.00000,148540.00000,148650.00000,3484
RIZ2,1,20121008,184000,148670.00000,148690.00000,148610.00000,148650.00000,2697
RIZ2,1,20121008,184100,148650.00000,148710.00000,148610.00000,148670.00000,2271
RIZ2,1,20121008,184200,148680.00000,148720.00000,148650.00000,148700.00000,1529
RIZ2,1,20121008,184300,148690.00000,148840.00000,148690.00000,148830.00000,8925
RIZ2,1,20121008,184400,148840.00000,148840.00000,148690.00000,148730.00000,6134
RIZ2,1,20121008,190000,148660.00000,148890.00000,148600.00000,148650.00000,2847
RIZ2,1,20121008,190100,148650.00000,148670.00000,148570.00000,148620.00000,1759
RIZ2,1,20121008,190200,148620.00000,148670.00000,148590.00000,148660.00000,636
RIZ2,1,20121008,190300,148650.00000,148770.00000,148620.00000,148760.00000,1496
RIZ2,1,20121008,190400,148760.00000,148940.00000,148710.00000,148830.00000,2865
RIZ2,1,20121008,190500,148830.00000,148900.00000,148730.00000,148750.00000,1562
RIZ2,1,20121008,190600,148750.00000,148810.00000,148720.00000,148740.00000,757
RIZ2,1,20121008,190700,148730.00000,148760.00000,148670.00000,148680.00000,730
RIZ2,1,20121008,190800,148680.00000,148730.00000,148680.00000,148680.00000,314
RIZ2,1,20121008,190900,148680.00000,148720.00000,148630.00000,148630.00000,400
RIZ2,1,20121008,191000,148630.00000,148670.00000,148590.00000,148650.00000,764
RIZ2,1,20121008,191100,148660.00000,148710.00000,148650.00000,148690.00000,640
RIZ2,1,20121008,191200,148690.00000,148740.00000,148680.00000,148690.00000,816
RIZ2,1,20121008,191300,148710.00000,148710.00000,148550.00000,148580.00000,1226
RIZ2,1,20121008,191400,148590.00000,148630.00000,148570.00000,148610.00000,342
RIZ2,1,20121008,191500,148620.00000,148710.00000,148600.00000,148700.00000,490
RIZ2,1,20121008,191600,148680.00000,148700.00000,148640.00000,148670.00000,228
RIZ2,1,20121008,191700,148660.00000,148660.00000,148550.00000,148600.00000,747
RIZ2,1,20121008,191800,148620.00000,148650.00000,148590.00000,148630.00000,341
RIZ2,1,20121008,191900,148630.00000,148630.00000,148540.00000,148600.00000,1189
RIZ2,1,20121008,192000,148590.00000,148640.00000,148560.00000,148610.00000,644
RIZ2,1,20121008,192100,148600.00000,148600.00000,148540.00000,148540.00000,555
RIZ2,1,20121008,192200,148550.00000,148620.00000,148540.00000,148560.00000,475
RIZ2,1,20121008,192300,148550.00000,148640.00000,148540.00000,148570.00000,629
RIZ2,1,20121008,192400,148580.00000,148590.00000,148550.00000,148590.00000,232
RIZ2,1,20121008,192500,148590.00000,148600.00000,148540.00000,148540.00000,500
RIZ2,1,20121008,192600,148550.00000,148600.00000,148540.00000,148590.00000,391
RIZ2,1,20121008,192700,148590.00000,148640.00000,148560.00000,148580.00000,388
RIZ2,1,20121008,192800,148590.00000,148640.00000,148570.00000,148610.00000,291
RIZ2,1,20121008,192900,148610.00000,148680.00000,148570.00000,148640.00000,583
RIZ2,1,20121008,193000,148670.00000,148690.00000,148600.00000,148630.00000,622
RIZ2,1,20121008,193100,148620.00000,148630.00000,148580.00000,148580.00000,236
RIZ2,1,20121008,193200,148580.00000,148630.00000,148580.00000,148600.00000,320
RIZ2,1,20121008,193300,148580.00000,148640.00000,148580.00000,148600.00000,357
RIZ2,1,20121008,193400,148600.00000,148630.00000,148570.00000,148580.00000,179
RIZ2,1,20121008,193500,148600.00000,148620.00000,148460.00000,148510.00000,1351
RIZ2,1,20121008,193600,148500.00000,148540.00000,148480.00000,148540.00000,468
RIZ2,1,20121008,193700,148540.00000,148560.00000,148450.00000,148450.00000,973
RIZ2,1,20121008,193800,148460.00000,148530.00000,148450.00000,148510.00000,764
RIZ2,1,20121008,193900,148510.00000,148550.00000,148510.00000,148530.00000,595
RIZ2,1,20121008,194000,148540.00000,148580.00000,148500.00000,148550.00000,662
RIZ2,1,20121008,194100,148540.00000,148600.00000,148520.00000,148570.00000,331
RIZ2,1,20121008,194200,148590.00000,148600.00000,148540.00000,148550.00000,262
RIZ2,1,20121008,194300,148570.00000,148610.00000,148510.00000,148610.00000,544
RIZ2,1,20121008,194400,148610.00000,148610.00000,148580.00000,148590.00000,316
RIZ2,1,20121008,194500,148590.00000,148610.00000,148550.00000,148560.00000,229
RIZ2,1,20121008,194600,148560.00000,148630.00000,148550.00000,148620.00000,286
RIZ2,1,20121008,194700,148630.00000,148630.00000,148580.00000,148600.00000,279
RIZ2,1,20121008,194800,148590.00000,148630.00000,148570.00000,148620.00000,310
RIZ2,1,20121008,194900,148620.00000,148650.00000,148590.00000,148610.00000,409
RIZ2,1,20121008,195000,148610.00000,148630.00000,148560.00000,148580.00000,491
RIZ2,1,20121008,195100,148580.00000,148620.00000,148520.00000,148530.00000,934
RIZ2,1,20121008,195200,148540.00000,148600.00000,148540.00000,148580.00000,655
RIZ2,1,20121008,195300,148580.00000,148640.00000,148570.00000,148630.00000,243
RIZ2,1,20121008,195400,148620.00000,148640.00000,148610.00000,148630.00000,254
RIZ2,1,20121008,195500,148630.00000,148820.00000,148620.00000,148710.00000,2159
RIZ2,1,20121008,195600,148720.00000,148790.00000,148700.00000,148790.00000,429
RIZ2,1,20121008,195700,148780.00000,148800.00000,148750.00000,148750.00000,419
RIZ2,1,20121008,195800,148760.00000,148820.00000,148730.00000,148800.00000,580
RIZ2,1,20121008,195900,148790.00000,148990.00000,148770.00000,148950.00000,3520
RIZ2,1,20121008,200000,148960.00000,149040.00000,148910.00000,149010.00000,3184
RIZ2,1,20121008,200100,149010.00000,149030.00000,148930.00000,148940.00000,787
RIZ2,1,20121008,200200,148940.00000,148970.00000,148910.00000,148930.00000,606
RIZ2,1,20121008,200300,148930.00000,148940.00000,148860.00000,148880.00000,589
RIZ2,1,20121008,200400,148880.00000,148890.00000,148820.00000,148860.00000,625
RIZ2,1,20121008,200500,148840.00000,148870.00000,148820.00000,148840.00000,266
RIZ2,1,20121008,200600,148870.00000,148890.00000,148830.00000,148880.00000,616
RIZ2,1,20121008,200700,148870.00000,148900.00000,148840.00000,148890.00000,310
RIZ2,1,20121008,200800,148870.00000,148880.00000,148830.00000,148850.00000,94
RIZ2,1,20121008,200900,148830.00000,148840.00000,148820.00000,148830.00000,112
RIZ2,1,20121008,201000,148830.00000,148880.00000,148820.00000,148860.00000,362
RIZ2,1,20121008,201100,148850.00000,148960.00000,148840.00000,148900.00000,888
RIZ2,1,20121008,201200,148910.00000,148950.00000,148870.00000,148910.00000,430
RIZ2,1,20121008,201300,148900.00000,148960.00000,148850.00000,148900.00000,507
RIZ2,1,20121008,201400,148900.00000,148950.00000,148900.00000,148950.00000,235
RIZ2,1,20121008,201500,148950.00000,148960.00000,148920.00000,148950.00000,227
RIZ2,1,20121008,201600,148950.00000,148970.00000,148940.00000,148940.00000,228
RIZ2,1,20121008,201700,148940.00000,148960.00000,148920.00000,148960.00000,240
RIZ2,1,20121008,201800,148950.00000,148970.00000,148910.00000,148910.00000,229
RIZ2,1,20121008,201900,148920.00000,148940.00000,148900.00000,148910.00000,333
RIZ2,1,20121008,202000,148920.00000,148940.00000,148910.00000,148920.00000,179
RIZ2,1,20121008,202100,148930.00000,148930.00000,148890.00000,148900.00000,157
RIZ2,1,20121008,202200,148910.00000,148920.00000,148890.00000,148900.00000,189
RIZ2,1,20121008,202300,148890.00000,148930.00000,148880.00000,148930.00000,406
RIZ2,1,20121008,202400,148930.00000,148940.00000,148860.00000,148880.00000,386
RIZ2,1,20121008,202500,148880.00000,148900.00000,148810.00000,148810.00000,816
RIZ2,1,20121008,202600,148810.00000,148880.00000,148810.00000,148860.00000,295
RIZ2,1,20121008,202700,148860.00000,148930.00000,148860.00000,148900.00000,373
RIZ2,1,20121008,202800,148910.00000,148920.00000,148860.00000,148880.00000,207
RIZ2,1,20121008,202900,148870.00000,148900.00000,148820.00000,148880.00000,252
RIZ2,1,20121008,203000,148880.00000,148950.00000,148880.00000,148910.00000,459
RIZ2,1,20121008,203100,148920.00000,148960.00000,148900.00000,148900.00000,352
RIZ2,1,20121008,203200,148910.00000,148960.00000,148900.00000,148930.00000,305
RIZ2,1,20121008,203300,148930.00000,148930.00000,148910.00000,148920.00000,90
RIZ2,1,20121008,203400,148930.00000,148930.00000,148890.00000,148920.00000,154
RIZ2,1,20121008,203500,148900.00000,148910.00000,148870.00000,148890.00000,120
RIZ2,1,20121008,203600,148870.00000,148900.00000,148830.00000,148880.00000,508
RIZ2,1,20121008,203700,148880.00000,148880.00000,148860.00000,148870.00000,40
RIZ2,1,20121008,203800,148860.00000,148860.00000,148840.00000,148840.00000,60
RIZ2,1,20121008,203900,148840.00000,148890.00000,148840.00000,148860.00000,128
RIZ2,1,20121008,204000,148860.00000,148930.00000,148860.00000,148910.00000,287
RIZ2,1,20121008,204100,148900.00000,148930.00000,148890.00000,148910.00000,253
RIZ2,1,20121008,204200,148900.00000,148900.00000,148860.00000,148900.00000,86
RIZ2,1,20121008,204300,148890.00000,148920.00000,148870.00000,148900.00000,254
RIZ2,1,20121008,204400,148900.00000,148950.00000,148890.00000,148910.00000,423
RIZ2,1,20121008,204500,148910.00000,148930.00000,148910.00000,148920.00000,36
RIZ2,1,20121008,204600,148930.00000,148930.00000,148900.00000,148910.00000,55
RIZ2,1,20121008,204700,148920.00000,148950.00000,148900.00000,148900.00000,291
RIZ2,1,20121008,204800,148890.00000,148900.00000,148860.00000,148890.00000,138
RIZ2,1,20121008,204900,148890.00000,148940.00000,148870.00000,148900.00000,213
RIZ2,1,20121008,205000,148910.00000,148940.00000,148880.00000,148940.00000,170
RIZ2,1,20121008,205100,148940.00000,148960.00000,148900.00000,148920.00000,246
RIZ2,1,20121008,205200,148920.00000,148960.00000,148920.00000,148940.00000,95
RIZ2,1,20121008,205300,148920.00000,148930.00000,148900.00000,148920.00000,94
RIZ2,1,20121008,205400,148930.00000,148970.00000,148900.00000,148920.00000,447
RIZ2,1,20121008,205500,148910.00000,148970.00000,148910.00000,148960.00000,231
RIZ2,1,20121008,205600,148960.00000,149070.00000,148950.00000,149030.00000,1628
RIZ2,1,20121008,205700,149040.00000,149190.00000,149040.00000,149070.00000,2512
RIZ2,1,20121008,205800,149070.00000,149170.00000,149050.00000,149140.00000,1132
RIZ2,1,20121008,205900,149140.00000,149170.00000,149060.00000,149090.00000,1080
RIZ2,1,20121008,210000,149090.00000,149160.00000,149040.00000,149050.00000,811
RIZ2,1,20121008,210100,149050.00000,149060.00000,149020.00000,149050.00000,367
RIZ2,1,20121008,210200,149050.00000,149250.00000,149050.00000,149200.00000,2496
RIZ2,1,20121008,210300,149200.00000,149210.00000,149130.00000,149150.00000,451
RIZ2,1,20121008,210400,149150.00000,149170.00000,149040.00000,149070.00000,649
RIZ2,1,20121008,210500,149060.00000,149070.00000,148930.00000,148980.00000,1524
RIZ2,1,20121008,210600,148980.00000,149000.00000,148940.00000,148980.00000,382
RIZ2,1,20121008,210700,148970.00000,148990.00000,148930.00000,148970.00000,289
RIZ2,1,20121008,210800,148950.00000,149040.00000,148950.00000,148970.00000,459
RIZ2,1,20121008,210900,148980.00000,149040.00000,148980.00000,149020.00000,512
RIZ2,1,20121008,211000,149040.00000,149080.00000,149030.00000,149040.00000,338
RIZ2,1,20121008,211100,149050.00000,149080.00000,148980.00000,148980.00000,277
RIZ2,1,20121008,211200,148990.00000,149020.00000,148980.00000,149010.00000,283
RIZ2,1,20121008,211300,149010.00000,149010.00000,148930.00000,148960.00000,648
RIZ2,1,20121008,211400,148960.00000,148960.00000,148900.00000,148910.00000,695
RIZ2,1,20121008,211500,148910.00000,148930.00000,148890.00000,148910.00000,233
RIZ2,1,20121008,211600,148910.00000,149000.00000,148910.00000,148960.00000,708
RIZ2,1,20121008,211700,148960.00000,148990.00000,148950.00000,148960.00000,196
RIZ2,1,20121008,211800,148960.00000,149000.00000,148950.00000,148960.00000,150
RIZ2,1,20121008,211900,148970.00000,148970.00000,148960.00000,148970.00000,33
RIZ2,1,20121008,212000,148970.00000,148970.00000,148930.00000,148950.00000,115
RIZ2,1,20121008,212100,148940.00000,148940.00000,148910.00000,148940.00000,164
RIZ2,1,20121008,212200,148930.00000,149000.00000,148930.00000,148980.00000,214
RIZ2,1,20121008,212300,148990.00000,149000.00000,148970.00000,148970.00000,79
RIZ2,1,20121008,212400,148970.00000,148970.00000,148920.00000,148970.00000,185
RIZ2,1,20121008,212500,148950.00000,148970.00000,148940.00000,148950.00000,152
RIZ2,1,20121008,212600,148960.00000,148970.00000,148920.00000,148940.00000,193
RIZ2,1,20121008,212700,148940.00000,148990.00000,148940.00000,148990.00000,118
RIZ2,1,20121008,212800,148980.00000,148990.00000,148940.00000,148950.00000,178
RIZ2,1,20121008,212900,148950.00000,148960.00000,148920.00000,148940.00000,129
RIZ2,1,20121008,213000,148950.00000,148990.00000,148930.00000,148990.00000,205
RIZ2,1,20121008,213100,148980.00000,148980.00000,148920.00000,148940.00000,343
RIZ2,1,20121008,213200,148940.00000,148980.00000,148930.00000,148970.00000,160
RIZ2,1,20121008,213300,148970.00000,148980.00000,148930.00000,148940.00000,153
RIZ2,1,20121008,213400,148940.00000,149040.00000,148940.00000,149030.00000,834
RIZ2,1,20121008,213500,149030.00000,149050.00000,149010.00000,149030.00000,372
RIZ2,1,20121008,213600,149030.00000,149030.00000,149010.00000,149030.00000,97
RIZ2,1,20121008,213700,149020.00000,149070.00000,149010.00000,149030.00000,358
RIZ2,1,20121008,213800,149040.00000,149040.00000,149000.00000,149000.00000,153
RIZ2,1,20121008,213900,149000.00000,149020.00000,149000.00000,149020.00000,83
RIZ2,1,20121008,214000,149020.00000,149070.00000,149000.00000,149000.00000,310
RIZ2,1,20121008,214100,149000.00000,149010.00000,148960.00000,148980.00000,406
RIZ2,1,20121008,214200,148980.00000,149030.00000,148960.00000,148980.00000,211
RIZ2,1,20121008,214300,148980.00000,149000.00000,148960.00000,148960.00000,64
RIZ2,1,20121008,214400,148980.00000,148990.00000,148960.00000,148970.00000,74
RIZ2,1,20121008,214500,148970.00000,149030.00000,148960.00000,149010.00000,374
RIZ2,1,20121008,214600,149000.00000,149030.00000,149000.00000,149020.00000,100
RIZ2,1,20121008,214700,149020.00000,149030.00000,149000.00000,149000.00000,68
RIZ2,1,20121008,214800,149010.00000,149010.00000,148960.00000,148980.00000,159
RIZ2,1,20121008,214900,148970.00000,148980.00000,148940.00000,148950.00000,285
RIZ2,1,20121008,215000,148950.00000,149000.00000,148940.00000,149000.00000,431
RIZ2,1,20121008,215100,149000.00000,149000.00000,148970.00000,148980.00000,60
RIZ2,1,20121008,215200,148990.00000,148990.00000,148970.00000,148980.00000,25
RIZ2,1,20121008,215300,148970.00000,149000.00000,148970.00000,148980.00000,59
RIZ2,1,20121008,215400,148990.00000,148990.00000,148960.00000,148980.00000,33
RIZ2,1,20121008,215500,148980.00000,149020.00000,148980.00000,148980.00000,275
RIZ2,1,20121008,215600,148980.00000,149020.00000,148980.00000,149000.00000,94
RIZ2,1,20121008,215700,149000.00000,149050.00000,148960.00000,149000.00000,669
RIZ2,1,20121008,215800,149010.00000,149040.00000,148950.00000,149000.00000,454
RIZ2,1,20121008,215900,148980.00000,149040.00000,148920.00000,149020.00000,918
RIZ2,1,20121008,220000,149010.00000,149070.00000,148960.00000,148980.00000,953
RIZ2,1,20121008,220100,148980.00000,149000.00000,148960.00000,148990.00000,187
RIZ2,1,20121008,220200,148990.00000,149020.00000,148970.00000,148990.00000,318
RIZ2,1,20121008,220300,148980.00000,148990.00000,148970.00000,148970.00000,34
RIZ2,1,20121008,220400,148990.00000,149030.00000,148980.00000,148990.00000,255
RIZ2,1,20121008,220500,149000.00000,149010.00000,148960.00000,148990.00000,244
RIZ2,1,20121008,220600,149000.00000,149020.00000,148980.00000,148980.00000,140
RIZ2,1,20121008,220700,148990.00000,149010.00000,148970.00000,148990.00000,84
RIZ2,1,20121008,220800,149000.00000,149000.00000,148960.00000,148990.00000,332
RIZ2,1,20121008,220900,148980.00000,148980.00000,148950.00000,148980.00000,381
RIZ2,1,20121008,221000,148980.00000,148990.00000,148960.00000,148980.00000,119
RIZ2,1,20121008,221100,148970.00000,148970.00000,148860.00000,148870.00000,1063
RIZ2,1,20121008,221200,148860.00000,148870.00000,148810.00000,148830.00000,971
RIZ2,1,20121008,221300,148830.00000,148870.00000,148820.00000,148850.00000,328
RIZ2,1,20121008,221400,148860.00000,148880.00000,148840.00000,148860.00000,150
RIZ2,1,20121008,221500,148860.00000,148880.00000,148830.00000,148840.00000,344
RIZ2,1,20121008,221600,148850.00000,148890.00000,148840.00000,148890.00000,309
RIZ2,1,20121008,221700,148890.00000,148900.00000,148840.00000,148860.00000,486
RIZ2,1,20121008,221800,148850.00000,148890.00000,148850.00000,148890.00000,222
RIZ2,1,20121008,221900,148890.00000,148900.00000,148860.00000,148900.00000,505
RIZ2,1,20121008,222000,148890.00000,148920.00000,148880.00000,148900.00000,203
RIZ2,1,20121008,222100,148900.00000,148900.00000,148840.00000,148840.00000,321
RIZ2,1,20121008,222200,148850.00000,148870.00000,148820.00000,148860.00000,236
RIZ2,1,20121008,222300,148860.00000,148900.00000,148860.00000,148880.00000,390
RIZ2,1,20121008,222400,148880.00000,148940.00000,148860.00000,148860.00000,545
RIZ2,1,20121008,222500,148860.00000,148880.00000,148830.00000,148860.00000,317
RIZ2,1,20121008,222600,148860.00000,148900.00000,148840.00000,148880.00000,293
RIZ2,1,20121008,222700,148870.00000,148930.00000,148860.00000,148870.00000,500
RIZ2,1,20121008,222800,148890.00000,148920.00000,148850.00000,148890.00000,422
RIZ2,1,20121008,222900,148890.00000,148920.00000,148860.00000,148880.00000,354
RIZ2,1,20121008,223000,148880.00000,148900.00000,148850.00000,148890.00000,169
RIZ2,1,20121008,223100,148890.00000,148920.00000,148880.00000,148880.00000,188
RIZ2,1,20121008,223200,148890.00000,148900.00000,148830.00000,148860.00000,596
RIZ2,1,20121008,223300,148850.00000,148860.00000,148830.00000,148830.00000,172
RIZ2,1,20121008,223400,148830.00000,148860.00000,148800.00000,148840.00000,905
RIZ2,1,20121008,223500,148830.00000,148850.00000,148800.00000,148850.00000,276
RIZ2,1,20121008,223600,148840.00000,148880.00000,148830.00000,148850.00000,166
RIZ2,1,20121008,223700,148850.00000,148880.00000,148840.00000,148850.00000,204
RIZ2,1,20121008,223800,148840.00000,148860.00000,148820.00000,148830.00000,145
RIZ2,1,20121008,223900,148840.00000,148840.00000,148710.00000,148720.00000,887
RIZ2,1,20121008,224000,148710.00000,148750.00000,148670.00000,148670.00000,1056
RIZ2,1,20121008,224100,148680.00000,148700.00000,148580.00000,148620.00000,1344
RIZ2,1,20121008,224200,148620.00000,148680.00000,148600.00000,148660.00000,442
RIZ2,1,20121008,224300,148670.00000,148680.00000,148620.00000,148630.00000,212
RIZ2,1,20121008,224400,148630.00000,148640.00000,148600.00000,148630.00000,382
RIZ2,1,20121008,224500,148630.00000,148630.00000,148590.00000,148600.00000,503
RIZ2,1,20121008,224600,148620.00000,148660.00000,148600.00000,148630.00000,402
RIZ2,1,20121008,224700,148630.00000,148640.00000,148570.00000,148580.00000,420
RIZ2,1,20121008,224800,148580.00000,148650.00000,148560.00000,148630.00000,442
RIZ2,1,20121008,224900,148630.00000,148670.00000,148630.00000,148650.00000,236
RIZ2,1,20121008,225000,148650.00000,148670.00000,148620.00000,148630.00000,285
RIZ2,1,20121008,225100,148630.00000,148650.00000,148610.00000,148630.00000,155
RIZ2,1,20121008,225200,148630.00000,148650.00000,148610.00000,148610.00000,153
RIZ2,1,20121008,225300,148620.00000,148650.00000,148610.00000,148630.00000,205
RIZ2,1,20121008,225400,148630.00000,148650.00000,148620.00000,148630.00000,63
RIZ2,1,20121008,225500,148640.00000,148650.00000,148610.00000,148630.00000,297
RIZ2,1,20121008,225600,148620.00000,148640.00000,148600.00000,148600.00000,184
RIZ2,1,20121008,225700,148600.00000,148620.00000,148560.00000,148590.00000,330
RIZ2,1,20121008,225800,148580.00000,148630.00000,148550.00000,148590.00000,565
RIZ2,1,20121008,225900,148590.00000,148650.00000,148580.00000,148630.00000,637
RIZ2,1,20121008,230000,148650.00000,148720.00000,148600.00000,148700.00000,835
RIZ2,1,20121008,230100,148710.00000,148790.00000,148700.00000,148790.00000,1271
RIZ2,1,20121008,230200,148790.00000,148880.00000,148780.00000,148860.00000,873
RIZ2,1,20121008,230300,148860.00000,148910.00000,148820.00000,148830.00000,885
RIZ2,1,20121008,230400,148830.00000,148900.00000,148820.00000,148880.00000,494
RIZ2,1,20121008,230500,148880.00000,148900.00000,148830.00000,148850.00000,473
RIZ2,1,20121008,230600,148850.00000,148850.00000,148810.00000,148840.00000,217
RIZ2,1,20121008,230700,148830.00000,148870.00000,148820.00000,148850.00000,306
RIZ2,1,20121008,230800,148850.00000,148880.00000,148830.00000,148860.00000,380
RIZ2,1,20121008,230900,148860.00000,148880.00000,148830.00000,148850.00000,169
RIZ2,1,20121008,231000,148850.00000,148870.00000,148840.00000,148870.00000,152
RIZ2,1,20121008,231100,148860.00000,148900.00000,148850.00000,148900.00000,185
RIZ2,1,20121008,231200,148900.00000,148900.00000,148840.00000,148840.00000,241
RIZ2,1,20121008,231300,148850.00000,148890.00000,148830.00000,148880.00000,245
RIZ2,1,20121008,231400,148870.00000,148900.00000,148870.00000,148900.00000,136
RIZ2,1,20121008,231500,148910.00000,148990.00000,148900.00000,148980.00000,1010
RIZ2,1,20121008,231600,148980.00000,149130.00000,148980.00000,149100.00000,2163
RIZ2,1,20121008,231700,149100.00000,149110.00000,149070.00000,149080.00000,510
RIZ2,1,20121008,231800,149080.00000,149080.00000,149040.00000,149050.00000,726
RIZ2,1,20121008,231900,149070.00000,149080.00000,149030.00000,149040.00000,542
RIZ2,1,20121008,232000,149040.00000,149120.00000,149040.00000,149120.00000,553
RIZ2,1,20121008,232100,149110.00000,149140.00000,149090.00000,149140.00000,667
RIZ2,1,20121008,232200,149140.00000,149190.00000,149050.00000,149170.00000,944
RIZ2,1,20121008,232300,149180.00000,149300.00000,149180.00000,149230.00000,2121
RIZ2,1,20121008,232400,149210.00000,149230.00000,149120.00000,149160.00000,570
RIZ2,1,20121008,232500,149150.00000,149200.00000,149110.00000,149110.00000,441
RIZ2,1,20121008,232600,149110.00000,149150.00000,149060.00000,149100.00000,861
RIZ2,1,20121008,232700,149110.00000,149150.00000,149100.00000,149130.00000,256
RIZ2,1,20121008,232800,149120.00000,149160.00000,149110.00000,149140.00000,150
RIZ2,1,20121008,232900,149150.00000,149150.00000,149100.00000,149110.00000,254
RIZ2,1,20121008,233000,149100.00000,149180.00000,149100.00000,149140.00000,584
RIZ2,1,20121008,233100,149150.00000,149160.00000,149090.00000,149130.00000,733
RIZ2,1,20121008,233200,149130.00000,149140.00000,149050.00000,149070.00000,674
RIZ2,1,20121008,233300,149080.00000,149100.00000,149060.00000,149080.00000,289
RIZ2,1,20121008,233400,149080.00000,149080.00000,149050.00000,149080.00000,211
RIZ2,1,20121008,233500,149080.00000,149140.00000,149060.00000,149140.00000,698
RIZ2,1,20121008,233600,149140.00000,149140.00000,149090.00000,149140.00000,296
RIZ2,1,20121008,233700,149130.00000,149140.00000,149080.00000,149100.00000,238
RIZ2,1,20121008,233800,149100.00000,149120.00000,149080.00000,149080.00000,159
RIZ2,1,20121008,233900,149090.00000,149120.00000,149070.00000,149090.00000,238
RIZ2,1,20121008,234000,149090.00000,149100.00000,149020.00000,149030.00000,789
RIZ2,1,20121008,234100,149030.00000,149040.00000,148960.00000,148960.00000,1077
RIZ2,1,20121008,234200,148960.00000,148990.00000,148930.00000,148960.00000,654
RIZ2,1,20121008,234300,148960.00000,148980.00000,148940.00000,148980.00000,245
RIZ2,1,20121008,234400,148970.00000,148990.00000,148950.00000,148970.00000,299
RIZ2,1,20121008,234500,148980.00000,149070.00000,148940.00000,149020.00000,1313
RIZ2,1,20121008,234600,149020.00000,149040.00000,148960.00000,149020.00000,505
RIZ2,1,20121008,234700,149020.00000,149090.00000,149000.00000,149030.00000,1069
RIZ2,1,20121008,234800,149030.00000,149060.00000,148980.00000,148990.00000,808
RIZ2,1,20121008,234900,149000.00000,149070.00000,148930.00000,149010.00000,1600
